{
 "cells": [
  {
   "cell_type": "markdown",
   "metadata": {},
   "source": [
    "# Correlation and Covariance"
   ]
  },
  {
   "cell_type": "markdown",
   "metadata": {},
   "source": [
    "__Purpose:__ The purpose of this lecture is to understand correlation and covariance.\n",
    "\n",
    "__At the end of this lecture you will be able to:__\n",
    "> 1. Understand some summary statistics such as Correlation and Covariance"
   ]
  },
  {
   "cell_type": "markdown",
   "metadata": {},
   "source": [
    "### 1.1.1 Correlation and Covariance:"
   ]
  },
  {
   "cell_type": "markdown",
   "metadata": {},
   "source": [
    "__Overview:__ \n",
    "- We can use a series of statistics to evaluate the relationship between the two variables:\n",
    "> 1. __[Covariance](https://en.wikipedia.org/wiki/Covariance):__ Covariance measures how the two variables vary with each other. Covariance investigates if the two variables tend to increase and decrease together or if one variable increases when the other decreases or vice versa or if the variables do not vary at all with each other (covariance of 0)\n",
    ">> - The formula for Covariance can be represented in terms of Expected Value and Variance: \n",
    "<center> $Cov(X, Y) = \\sigma_{XY} = E[XY] - E[X][Y] = E[(X - \\mu_{X})(Y - \\mu_{Y})]$ </center> \n",
    "\n",
    ">> - The formula for Covariance can also be represented in the following way:\n",
    "<center> $Cov(X, Y) = \\sigma_{XY} = \\frac{\\sum_{i=1}^{n} (x_{i} - \\mu_{x})(y_{i} - \\mu_{y})}{n}$ </center>\n",
    "\n",
    ">> - If two variables $X$ and $Y$ are independent, then $Cov(X,Y) = 0$, but the opposite is not always true \n",
    ">> - The problem with Covariance is that it is not normalized and therefore difficult to determine if the magnitude of Covariance is considered strong or weak. This warrants a normalized measure of variable association of which we define Correlation below \n",
    "> 2. __[Correlation](https://en.wikipedia.org/wiki/Correlation_and_dependence):__ Correlation is very similar to Covariance but is scaled by the Standard Deviations of the two variables such that Correlation can only range between -1 and +1. \n",
    ">> - The formula for Correlation can be represented in the following way:\n",
    "<center> $Cor(X, Y) = r_{XY} = \\frac{\\frac{\\sum_{i=1}^{n} (x_{i} - \\mu_{x})(y_{i} - \\mu_{y})}{n}}{\\sigma_x \\sigma_y}$ </center> \n",
    "\n",
    ">> - We can now interpret the mangitude of the Correlation and conclude that if the Correlation is positive, the variables move in the same direction, if the Correlation is negative is negative, the two variables move in opposite direction, and if the Correlation is 0, the variables do move together in either direction \n",
    "\n",
    "__Helpful Points:__\n",
    "1. It is possible to create Covariance and Correlation Matrices which calculates the Covariance and Correlation, respectively, of a series of variables and summarizes this information into a symmetric matrix\n",
    "2. Typically, we calculate the Covariance and Correlation Matrices of a data set to observe all the paired covariance and correlation values for every pair of variables \n",
    "\n",
    "__Practice:__ Examples of Correlation and Covariance in Python "
   ]
  },
  {
   "cell_type": "code",
   "execution_count": 1,
   "metadata": {},
   "outputs": [],
   "source": [
    "import numpy as np\n",
    "import pandas as pd\n",
    "from scipy import stats\n",
    "import seaborn as sns\n",
    "import math \n",
    "import random\n",
    "import matplotlib.pyplot as plt\n",
    "%matplotlib inline"
   ]
  },
  {
   "cell_type": "code",
   "execution_count": 2,
   "metadata": {},
   "outputs": [],
   "source": [
    "# read in data to analyze \n",
    "nba_df = pd.read_csv(\"C:/Users\\youss\\Google Drive/Data science training course/Matrial/BPM_Prework-main/lessons/26_correlation_covariance_anscombes/NBA_GameLog_2010_2017.csv\")"
   ]
  },
  {
   "cell_type": "markdown",
   "metadata": {},
   "source": [
    "### Example 1 (Covariance):"
   ]
  },
  {
   "cell_type": "code",
   "execution_count": 3,
   "metadata": {},
   "outputs": [],
   "source": [
    "# subset of nba data for cov and cor calculations \n",
    "nba_df_subset = nba_df.loc[:, ['Tm.Pts', 'Tm.FG_Perc', 'Tm.3P_Perc', 'Tm.FT_Perc', \n",
    "                               'Tm.TRB','Tm.AST', 'Tm.STL', 'Tm.BLK', 'Tm.TOV', 'Tm.PF']]"
   ]
  },
  {
   "cell_type": "code",
   "execution_count": 4,
   "metadata": {
    "scrolled": true
   },
   "outputs": [
    {
     "data": {
      "text/html": [
       "<div>\n",
       "<style scoped>\n",
       "    .dataframe tbody tr th:only-of-type {\n",
       "        vertical-align: middle;\n",
       "    }\n",
       "\n",
       "    .dataframe tbody tr th {\n",
       "        vertical-align: top;\n",
       "    }\n",
       "\n",
       "    .dataframe thead th {\n",
       "        text-align: right;\n",
       "    }\n",
       "</style>\n",
       "<table border=\"1\" class=\"dataframe\">\n",
       "  <thead>\n",
       "    <tr style=\"text-align: right;\">\n",
       "      <th></th>\n",
       "      <th>Tm.Pts</th>\n",
       "      <th>Tm.FG_Perc</th>\n",
       "      <th>Tm.3P_Perc</th>\n",
       "      <th>Tm.FT_Perc</th>\n",
       "      <th>Tm.TRB</th>\n",
       "      <th>Tm.AST</th>\n",
       "      <th>Tm.STL</th>\n",
       "      <th>Tm.BLK</th>\n",
       "      <th>Tm.TOV</th>\n",
       "      <th>Tm.PF</th>\n",
       "    </tr>\n",
       "  </thead>\n",
       "  <tbody>\n",
       "    <tr>\n",
       "      <th>Tm.Pts</th>\n",
       "      <td>147.523854</td>\n",
       "      <td>0.468805</td>\n",
       "      <td>0.593105</td>\n",
       "      <td>0.216965</td>\n",
       "      <td>10.056589</td>\n",
       "      <td>34.856841</td>\n",
       "      <td>4.510063</td>\n",
       "      <td>1.680997</td>\n",
       "      <td>-4.704925</td>\n",
       "      <td>7.426513</td>\n",
       "    </tr>\n",
       "    <tr>\n",
       "      <th>Tm.FG_Perc</th>\n",
       "      <td>0.468805</td>\n",
       "      <td>0.003133</td>\n",
       "      <td>0.002757</td>\n",
       "      <td>0.000073</td>\n",
       "      <td>-0.072631</td>\n",
       "      <td>0.153645</td>\n",
       "      <td>0.004388</td>\n",
       "      <td>0.005725</td>\n",
       "      <td>0.007339</td>\n",
       "      <td>-0.000621</td>\n",
       "    </tr>\n",
       "    <tr>\n",
       "      <th>Tm.3P_Perc</th>\n",
       "      <td>0.593105</td>\n",
       "      <td>0.002757</td>\n",
       "      <td>0.012074</td>\n",
       "      <td>0.000221</td>\n",
       "      <td>-0.072651</td>\n",
       "      <td>0.198534</td>\n",
       "      <td>-0.003194</td>\n",
       "      <td>0.003556</td>\n",
       "      <td>0.005498</td>\n",
       "      <td>0.002567</td>\n",
       "    </tr>\n",
       "    <tr>\n",
       "      <th>Tm.FT_Perc</th>\n",
       "      <td>0.216965</td>\n",
       "      <td>0.000073</td>\n",
       "      <td>0.000221</td>\n",
       "      <td>0.010602</td>\n",
       "      <td>-0.037013</td>\n",
       "      <td>-0.001035</td>\n",
       "      <td>-0.003037</td>\n",
       "      <td>-0.000288</td>\n",
       "      <td>-0.009051</td>\n",
       "      <td>0.003774</td>\n",
       "    </tr>\n",
       "    <tr>\n",
       "      <th>Tm.TRB</th>\n",
       "      <td>10.056589</td>\n",
       "      <td>-0.072631</td>\n",
       "      <td>-0.072651</td>\n",
       "      <td>-0.037013</td>\n",
       "      <td>42.333663</td>\n",
       "      <td>1.098065</td>\n",
       "      <td>-1.750161</td>\n",
       "      <td>2.815002</td>\n",
       "      <td>3.186443</td>\n",
       "      <td>-0.327592</td>\n",
       "    </tr>\n",
       "    <tr>\n",
       "      <th>Tm.AST</th>\n",
       "      <td>34.856841</td>\n",
       "      <td>0.153645</td>\n",
       "      <td>0.198534</td>\n",
       "      <td>-0.001035</td>\n",
       "      <td>1.098065</td>\n",
       "      <td>25.413989</td>\n",
       "      <td>1.687982</td>\n",
       "      <td>0.881108</td>\n",
       "      <td>-0.886902</td>\n",
       "      <td>-0.567222</td>\n",
       "    </tr>\n",
       "    <tr>\n",
       "      <th>Tm.STL</th>\n",
       "      <td>4.510063</td>\n",
       "      <td>0.004388</td>\n",
       "      <td>-0.003194</td>\n",
       "      <td>-0.003037</td>\n",
       "      <td>-1.750161</td>\n",
       "      <td>1.687982</td>\n",
       "      <td>8.386989</td>\n",
       "      <td>0.032831</td>\n",
       "      <td>1.308719</td>\n",
       "      <td>0.273774</td>\n",
       "    </tr>\n",
       "    <tr>\n",
       "      <th>Tm.BLK</th>\n",
       "      <td>1.680997</td>\n",
       "      <td>0.005725</td>\n",
       "      <td>0.003556</td>\n",
       "      <td>-0.000288</td>\n",
       "      <td>2.815002</td>\n",
       "      <td>0.881108</td>\n",
       "      <td>0.032831</td>\n",
       "      <td>6.647865</td>\n",
       "      <td>0.451256</td>\n",
       "      <td>0.036096</td>\n",
       "    </tr>\n",
       "    <tr>\n",
       "      <th>Tm.TOV</th>\n",
       "      <td>-4.704925</td>\n",
       "      <td>0.007339</td>\n",
       "      <td>0.005498</td>\n",
       "      <td>-0.009051</td>\n",
       "      <td>3.186443</td>\n",
       "      <td>-0.886902</td>\n",
       "      <td>1.308719</td>\n",
       "      <td>0.451256</td>\n",
       "      <td>14.616469</td>\n",
       "      <td>2.450163</td>\n",
       "    </tr>\n",
       "    <tr>\n",
       "      <th>Tm.PF</th>\n",
       "      <td>7.426513</td>\n",
       "      <td>-0.000621</td>\n",
       "      <td>0.002567</td>\n",
       "      <td>0.003774</td>\n",
       "      <td>-0.327592</td>\n",
       "      <td>-0.567222</td>\n",
       "      <td>0.273774</td>\n",
       "      <td>0.036096</td>\n",
       "      <td>2.450163</td>\n",
       "      <td>18.883561</td>\n",
       "    </tr>\n",
       "  </tbody>\n",
       "</table>\n",
       "</div>"
      ],
      "text/plain": [
       "                Tm.Pts  Tm.FG_Perc  Tm.3P_Perc  Tm.FT_Perc     Tm.TRB  \\\n",
       "Tm.Pts      147.523854    0.468805    0.593105    0.216965  10.056589   \n",
       "Tm.FG_Perc    0.468805    0.003133    0.002757    0.000073  -0.072631   \n",
       "Tm.3P_Perc    0.593105    0.002757    0.012074    0.000221  -0.072651   \n",
       "Tm.FT_Perc    0.216965    0.000073    0.000221    0.010602  -0.037013   \n",
       "Tm.TRB       10.056589   -0.072631   -0.072651   -0.037013  42.333663   \n",
       "Tm.AST       34.856841    0.153645    0.198534   -0.001035   1.098065   \n",
       "Tm.STL        4.510063    0.004388   -0.003194   -0.003037  -1.750161   \n",
       "Tm.BLK        1.680997    0.005725    0.003556   -0.000288   2.815002   \n",
       "Tm.TOV       -4.704925    0.007339    0.005498   -0.009051   3.186443   \n",
       "Tm.PF         7.426513   -0.000621    0.002567    0.003774  -0.327592   \n",
       "\n",
       "               Tm.AST    Tm.STL    Tm.BLK     Tm.TOV      Tm.PF  \n",
       "Tm.Pts      34.856841  4.510063  1.680997  -4.704925   7.426513  \n",
       "Tm.FG_Perc   0.153645  0.004388  0.005725   0.007339  -0.000621  \n",
       "Tm.3P_Perc   0.198534 -0.003194  0.003556   0.005498   0.002567  \n",
       "Tm.FT_Perc  -0.001035 -0.003037 -0.000288  -0.009051   0.003774  \n",
       "Tm.TRB       1.098065 -1.750161  2.815002   3.186443  -0.327592  \n",
       "Tm.AST      25.413989  1.687982  0.881108  -0.886902  -0.567222  \n",
       "Tm.STL       1.687982  8.386989  0.032831   1.308719   0.273774  \n",
       "Tm.BLK       0.881108  0.032831  6.647865   0.451256   0.036096  \n",
       "Tm.TOV      -0.886902  1.308719  0.451256  14.616469   2.450163  \n",
       "Tm.PF       -0.567222  0.273774  0.036096   2.450163  18.883561  "
      ]
     },
     "execution_count": 4,
     "metadata": {},
     "output_type": "execute_result"
    }
   ],
   "source": [
    "nba_df_subset_cov = pd.DataFrame(np.cov(nba_df_subset.T)) # \"return data frame as covariance matrix\"\n",
    "nba_df_subset_cov.columns = ['Tm.Pts', 'Tm.FG_Perc', 'Tm.3P_Perc', 'Tm.FT_Perc', \n",
    "                               'Tm.TRB','Tm.AST', 'Tm.STL', 'Tm.BLK', 'Tm.TOV', 'Tm.PF'] # \"column subset on co;umn names\"\n",
    "nba_df_subset_cov.index = ['Tm.Pts', 'Tm.FG_Perc', 'Tm.3P_Perc', 'Tm.FT_Perc', \n",
    "                               'Tm.TRB','Tm.AST', 'Tm.STL', 'Tm.BLK', 'Tm.TOV', 'Tm.PF'] # \"rows subset on row names\"\n",
    "nba_df_subset_cov"
   ]
  },
  {
   "cell_type": "markdown",
   "metadata": {},
   "source": [
    "We can now evaluate the covariance between every pair of variables in the subsetted data set. For example:\n",
    "- The covariance between Team Points and Team Total Rebounds is 10.05\n",
    "- The covariance between Team 3 Point Shot Percentage and Team Steal sis -0.003\n",
    "\n",
    "Note:\n",
    "1. The matrix is symmetric so you only need to consider either the upper right triangle or the lower left triangle \n",
    "2. The diagonal elements represent the covariance of the variable onto itself which is just the variance of that variable (see below)"
   ]
  },
  {
   "cell_type": "code",
   "execution_count": 5,
   "metadata": {
    "scrolled": true
   },
   "outputs": [
    {
     "data": {
      "text/plain": [
       "Tm.Pts        147.523854\n",
       "Tm.FG_Perc      0.003133\n",
       "Tm.3P_Perc      0.012074\n",
       "Tm.FT_Perc      0.010602\n",
       "Tm.TRB         42.333663\n",
       "Tm.AST         25.413989\n",
       "Tm.STL          8.386989\n",
       "Tm.BLK          6.647865\n",
       "Tm.TOV         14.616469\n",
       "Tm.PF          18.883561\n",
       "dtype: float64"
      ]
     },
     "execution_count": 5,
     "metadata": {},
     "output_type": "execute_result"
    }
   ],
   "source": [
    "# variance of each column which is the diagonal elements of the covariance matrix \n",
    "nba_df_subset.var(axis = 0) # \"axis=0 means compute for each column\""
   ]
  },
  {
   "cell_type": "markdown",
   "metadata": {},
   "source": [
    "### Example 2 (Correlation):"
   ]
  },
  {
   "cell_type": "code",
   "execution_count": 6,
   "metadata": {
    "scrolled": true
   },
   "outputs": [
    {
     "data": {
      "text/html": [
       "<div>\n",
       "<style scoped>\n",
       "    .dataframe tbody tr th:only-of-type {\n",
       "        vertical-align: middle;\n",
       "    }\n",
       "\n",
       "    .dataframe tbody tr th {\n",
       "        vertical-align: top;\n",
       "    }\n",
       "\n",
       "    .dataframe thead th {\n",
       "        text-align: right;\n",
       "    }\n",
       "</style>\n",
       "<table border=\"1\" class=\"dataframe\">\n",
       "  <thead>\n",
       "    <tr style=\"text-align: right;\">\n",
       "      <th></th>\n",
       "      <th>Tm.Pts</th>\n",
       "      <th>Tm.FG_Perc</th>\n",
       "      <th>Tm.3P_Perc</th>\n",
       "      <th>Tm.FT_Perc</th>\n",
       "      <th>Tm.TRB</th>\n",
       "      <th>Tm.AST</th>\n",
       "      <th>Tm.STL</th>\n",
       "      <th>Tm.BLK</th>\n",
       "      <th>Tm.TOV</th>\n",
       "      <th>Tm.PF</th>\n",
       "    </tr>\n",
       "  </thead>\n",
       "  <tbody>\n",
       "    <tr>\n",
       "      <th>Tm.Pts</th>\n",
       "      <td>1.000000</td>\n",
       "      <td>0.689606</td>\n",
       "      <td>0.444399</td>\n",
       "      <td>0.173486</td>\n",
       "      <td>0.127256</td>\n",
       "      <td>0.569273</td>\n",
       "      <td>0.128218</td>\n",
       "      <td>0.053678</td>\n",
       "      <td>-0.101321</td>\n",
       "      <td>0.140706</td>\n",
       "    </tr>\n",
       "    <tr>\n",
       "      <th>Tm.FG_Perc</th>\n",
       "      <td>0.689606</td>\n",
       "      <td>1.000000</td>\n",
       "      <td>0.448318</td>\n",
       "      <td>0.012583</td>\n",
       "      <td>-0.199442</td>\n",
       "      <td>0.544528</td>\n",
       "      <td>0.027072</td>\n",
       "      <td>0.039672</td>\n",
       "      <td>0.034299</td>\n",
       "      <td>-0.002553</td>\n",
       "    </tr>\n",
       "    <tr>\n",
       "      <th>Tm.3P_Perc</th>\n",
       "      <td>0.444399</td>\n",
       "      <td>0.448318</td>\n",
       "      <td>1.000000</td>\n",
       "      <td>0.019494</td>\n",
       "      <td>-0.101618</td>\n",
       "      <td>0.358403</td>\n",
       "      <td>-0.010038</td>\n",
       "      <td>0.012550</td>\n",
       "      <td>0.013088</td>\n",
       "      <td>0.005375</td>\n",
       "    </tr>\n",
       "    <tr>\n",
       "      <th>Tm.FT_Perc</th>\n",
       "      <td>0.173486</td>\n",
       "      <td>0.012583</td>\n",
       "      <td>0.019494</td>\n",
       "      <td>1.000000</td>\n",
       "      <td>-0.055248</td>\n",
       "      <td>-0.001993</td>\n",
       "      <td>-0.010185</td>\n",
       "      <td>-0.001085</td>\n",
       "      <td>-0.022991</td>\n",
       "      <td>0.008434</td>\n",
       "    </tr>\n",
       "    <tr>\n",
       "      <th>Tm.TRB</th>\n",
       "      <td>0.127256</td>\n",
       "      <td>-0.199442</td>\n",
       "      <td>-0.101618</td>\n",
       "      <td>-0.055248</td>\n",
       "      <td>1.000000</td>\n",
       "      <td>0.033477</td>\n",
       "      <td>-0.092882</td>\n",
       "      <td>0.167801</td>\n",
       "      <td>0.128098</td>\n",
       "      <td>-0.011586</td>\n",
       "    </tr>\n",
       "    <tr>\n",
       "      <th>Tm.AST</th>\n",
       "      <td>0.569273</td>\n",
       "      <td>0.544528</td>\n",
       "      <td>0.358403</td>\n",
       "      <td>-0.001993</td>\n",
       "      <td>0.033477</td>\n",
       "      <td>1.000000</td>\n",
       "      <td>0.115619</td>\n",
       "      <td>0.067788</td>\n",
       "      <td>-0.046017</td>\n",
       "      <td>-0.025893</td>\n",
       "    </tr>\n",
       "    <tr>\n",
       "      <th>Tm.STL</th>\n",
       "      <td>0.128218</td>\n",
       "      <td>0.027072</td>\n",
       "      <td>-0.010038</td>\n",
       "      <td>-0.010185</td>\n",
       "      <td>-0.092882</td>\n",
       "      <td>0.115619</td>\n",
       "      <td>1.000000</td>\n",
       "      <td>0.004397</td>\n",
       "      <td>0.118201</td>\n",
       "      <td>0.021754</td>\n",
       "    </tr>\n",
       "    <tr>\n",
       "      <th>Tm.BLK</th>\n",
       "      <td>0.053678</td>\n",
       "      <td>0.039672</td>\n",
       "      <td>0.012550</td>\n",
       "      <td>-0.001085</td>\n",
       "      <td>0.167801</td>\n",
       "      <td>0.067788</td>\n",
       "      <td>0.004397</td>\n",
       "      <td>1.000000</td>\n",
       "      <td>0.045778</td>\n",
       "      <td>0.003222</td>\n",
       "    </tr>\n",
       "    <tr>\n",
       "      <th>Tm.TOV</th>\n",
       "      <td>-0.101321</td>\n",
       "      <td>0.034299</td>\n",
       "      <td>0.013088</td>\n",
       "      <td>-0.022991</td>\n",
       "      <td>0.128098</td>\n",
       "      <td>-0.046017</td>\n",
       "      <td>0.118201</td>\n",
       "      <td>0.045778</td>\n",
       "      <td>1.000000</td>\n",
       "      <td>0.147480</td>\n",
       "    </tr>\n",
       "    <tr>\n",
       "      <th>Tm.PF</th>\n",
       "      <td>0.140706</td>\n",
       "      <td>-0.002553</td>\n",
       "      <td>0.005375</td>\n",
       "      <td>0.008434</td>\n",
       "      <td>-0.011586</td>\n",
       "      <td>-0.025893</td>\n",
       "      <td>0.021754</td>\n",
       "      <td>0.003222</td>\n",
       "      <td>0.147480</td>\n",
       "      <td>1.000000</td>\n",
       "    </tr>\n",
       "  </tbody>\n",
       "</table>\n",
       "</div>"
      ],
      "text/plain": [
       "              Tm.Pts  Tm.FG_Perc  Tm.3P_Perc  Tm.FT_Perc    Tm.TRB    Tm.AST  \\\n",
       "Tm.Pts      1.000000    0.689606    0.444399    0.173486  0.127256  0.569273   \n",
       "Tm.FG_Perc  0.689606    1.000000    0.448318    0.012583 -0.199442  0.544528   \n",
       "Tm.3P_Perc  0.444399    0.448318    1.000000    0.019494 -0.101618  0.358403   \n",
       "Tm.FT_Perc  0.173486    0.012583    0.019494    1.000000 -0.055248 -0.001993   \n",
       "Tm.TRB      0.127256   -0.199442   -0.101618   -0.055248  1.000000  0.033477   \n",
       "Tm.AST      0.569273    0.544528    0.358403   -0.001993  0.033477  1.000000   \n",
       "Tm.STL      0.128218    0.027072   -0.010038   -0.010185 -0.092882  0.115619   \n",
       "Tm.BLK      0.053678    0.039672    0.012550   -0.001085  0.167801  0.067788   \n",
       "Tm.TOV     -0.101321    0.034299    0.013088   -0.022991  0.128098 -0.046017   \n",
       "Tm.PF       0.140706   -0.002553    0.005375    0.008434 -0.011586 -0.025893   \n",
       "\n",
       "              Tm.STL    Tm.BLK    Tm.TOV     Tm.PF  \n",
       "Tm.Pts      0.128218  0.053678 -0.101321  0.140706  \n",
       "Tm.FG_Perc  0.027072  0.039672  0.034299 -0.002553  \n",
       "Tm.3P_Perc -0.010038  0.012550  0.013088  0.005375  \n",
       "Tm.FT_Perc -0.010185 -0.001085 -0.022991  0.008434  \n",
       "Tm.TRB     -0.092882  0.167801  0.128098 -0.011586  \n",
       "Tm.AST      0.115619  0.067788 -0.046017 -0.025893  \n",
       "Tm.STL      1.000000  0.004397  0.118201  0.021754  \n",
       "Tm.BLK      0.004397  1.000000  0.045778  0.003222  \n",
       "Tm.TOV      0.118201  0.045778  1.000000  0.147480  \n",
       "Tm.PF       0.021754  0.003222  0.147480  1.000000  "
      ]
     },
     "execution_count": 6,
     "metadata": {},
     "output_type": "execute_result"
    }
   ],
   "source": [
    "nba_df_subset_corr = pd.DataFrame(np.corrcoef(nba_df_subset.T)) # \"corrcoef is similiar function to above but this function calculates row based correlations by default, but we want column correlations, hence w use transpose\"\n",
    "nba_df_subset_corr.columns = ['Tm.Pts', 'Tm.FG_Perc', 'Tm.3P_Perc', 'Tm.FT_Perc', \n",
    "                               'Tm.TRB','Tm.AST', 'Tm.STL', 'Tm.BLK', 'Tm.TOV', 'Tm.PF']\n",
    "nba_df_subset_corr.index = ['Tm.Pts', 'Tm.FG_Perc', 'Tm.3P_Perc', 'Tm.FT_Perc', \n",
    "                               'Tm.TRB','Tm.AST', 'Tm.STL', 'Tm.BLK', 'Tm.TOV', 'Tm.PF']\n",
    "nba_df_subset_corr"
   ]
  },
  {
   "cell_type": "markdown",
   "metadata": {},
   "source": [
    "We can now evaluate the correlation between every pair of variables in the subsetted data set. For example:\n",
    "- The correlation between Team Points and Team Total Rebounds is 0.127\n",
    "- The correlation between Team 3 Point Shot Percentage and Team Steal is -0.01\n",
    "\n",
    "Note:\n",
    "1. The matrix is symmetric so you only need to consider either the upper right triangle or the lower left triangle \n",
    "2. The diagonal elements represent the correlation of the variable onto itself which is perfect correlation (1)"
   ]
  },
  {
   "cell_type": "markdown",
   "metadata": {},
   "source": [
    "Below we are going to analyze graphically the relationship between __Tm.Pts__ and __Tm.FG_Perc__ which are highly correlated, as well as __Tm.3P_Perc__ and __Tm.TOV__ which have a low correlation,"
   ]
  },
  {
   "cell_type": "markdown",
   "metadata": {},
   "source": [
    "First we will normalize the features (calculate their z-score) by subtracting their mean and dividing by their standard deviation."
   ]
  },
  {
   "cell_type": "code",
   "execution_count": 8,
   "metadata": {},
   "outputs": [],
   "source": [
    "# \"standardizing some variables\"\n",
    "Pts_Norm = (nba_df_subset['Tm.Pts']-np.mean(nba_df_subset['Tm.Pts']))/np.std(nba_df_subset['Tm.Pts'])\n",
    "FG_Perc_Norm = (nba_df_subset['Tm.FG_Perc']-np.mean(nba_df_subset['Tm.FG_Perc']))/np.std(nba_df_subset['Tm.FG_Perc'])\n",
    "\n",
    "ThreeP_Perc_Norm = (nba_df_subset['Tm.3P_Perc']-np.mean(nba_df_subset['Tm.3P_Perc']))/np.std(nba_df_subset['Tm.3P_Perc'])\n",
    "TOV_Norm = (nba_df_subset['Tm.TOV']-np.mean(nba_df_subset['Tm.TOV']))/np.std(nba_df_subset['Tm.TOV'])"
   ]
  },
  {
   "cell_type": "code",
   "execution_count": 9,
   "metadata": {},
   "outputs": [
    {
     "data": {
      "text/plain": [
       "Text(0, 0.5, 'Normalized FG_Perc')"
      ]
     },
     "execution_count": 9,
     "metadata": {},
     "output_type": "execute_result"
    },
    {
     "data": {
